2,10.0
1,10.0;3,13.2
2,13.2;4,11.5
3,11.5;5,17.1
4,17.1;6,6.0;8,12.8;43,9.0
5,6.0;7,7.7
6,7.7
5,12.8;9,11.9
8,11.9;10,18.0
9,18.0;11,4.0;22,12.0;38,6.0;39,19.6;41,5.0
10,4.0;12,4.7
11,4.7;13,5.8
12,5.8
15,13.1
14,13.1;16,8.9;18,7.2;40,3.9
15,8.9;17,9.8
16,9.8
15,7.2;19,12.0
18,12.0;20,2.0
19,2.0;21,4.5
20,4.5;22,6.0
10,12.0;21,6.0;23,14.7;24,12.6
22,14.7
22,12.6;25,4.8
24,4.8;26,8.3
25,8.3;27,4.8
26,4.8;28,9.0
27,9.0;29,8.0
28,8.0;30,13.0
29,13.0;31,8.8
30,8.8;32,10.0
31,10.0;33,6.0
32,6.0;34,22.0
33,22.0;35,19.0
34,19.0;36,4.0
35,4.0;37,13.0
36,13.0;38,12.0
10,6.0;37,13.0
10,19.6;40,12.1
15,3.9;39,12.1
10,5.0;42,11.0
41,11.0;43,9.0
5,9.0;42,9.0